evaluations raw_y
1 45.6773474200
2 30.2089236661
7 23.6349116809
11 4.7970048550
59 2.6533944104
122 2.3144481569
136 2.0545012045
141 1.4953181011
156 1.4089598434
174 0.8764953993
175 0.5974115401
222 0.4133381596
312 0.1118832873
346 0.1062266040
440 0.0424479707
452 0.0092976941
803 0.0065281905
834 0.0056404274
878 0.0036854915
917 0.0012364877
1044 0.0009768309
1051 0.0005377188
1093 0.0004896150
1114 0.0003863104
1121 0.0003496272
1140 0.0002455374
1208 0.0001773708
1214 0.0000771231
1276 0.0000571276
1313 0.0000506115
1314 0.0000453824
1316 0.0000195463
1332 0.0000168196
1414 0.0000090167
1415 0.0000069670
1416 0.0000060878
1456 0.0000031026
1522 0.0000022475
1558 0.0000018398
1567 0.0000012997
1592 0.0000010918
1645 0.0000005571
1700 0.0000005090
1723 0.0000001947
1824 0.0000001566
1877 0.0000001014
1953 0.0000000813
1965 0.0000000706
2018 0.0000000454
2068 0.0000000383
2148 0.0000000152
2247 0.0000000145
2339 0.0000000110
2386 0.0000000102
2438 0.0000000099
2445 0.0000000089
2483 0.0000000083
2519 0.0000000078
2552 0.0000000060
2614 0.0000000043
2672 0.0000000037
2692 0.0000000022
2715 0.0000000017
2950 0.0000000016
2976 0.0000000012
2979 0.0000000010
3016 0.0000000005
3071 0.0000000001
3394 0.0000000000
50000 0.0000000000
evaluations raw_y
1 55.0288936815
2 25.4744955602
10 25.2010540514
11 6.6151931819
12 3.6043461963
67 1.2516611116
115 1.1742579155
180 0.7077214303
211 0.6025317064
214 0.4448822877
227 0.2493933133
315 0.1782718350
329 0.1557004305
341 0.0613707198
424 0.0602857126
432 0.0488726701
442 0.0420067299
472 0.0390942769
473 0.0173666594
569 0.0137995651
586 0.0058467899
621 0.0033368099
676 0.0032779955
733 0.0018873549
739 0.0012512004
793 0.0012373124
814 0.0010257758
819 0.0004572279
858 0.0001485989
935 0.0001202754
950 0.0001009848
1012 0.0000697493
1040 0.0000284971
1112 0.0000191718
1211 0.0000154759
1242 0.0000152623
1253 0.0000026045
1340 0.0000014202
1347 0.0000009695
1365 0.0000002743
1673 0.0000002548
1746 0.0000002139
1785 0.0000001595
1864 0.0000001084
1939 0.0000001041
1978 0.0000000548
2020 0.0000000513
2080 0.0000000398
2142 0.0000000381
2237 0.0000000266
2248 0.0000000233
2311 0.0000000128
2324 0.0000000112
2329 0.0000000081
2386 0.0000000034
2418 0.0000000033
2436 0.0000000016
2512 0.0000000008
2751 0.0000000006
2769 0.0000000004
2778 0.0000000003
2894 0.0000000001
3071 0.0000000000
50000 0.0000000000
evaluations raw_y
1 41.1124611321
6 35.8071854833
8 35.5858471458
11 34.2317619622
12 34.0546789811
15 11.3086790658
22 7.0609658615
111 4.1593182959
113 2.6189605423
120 2.3875906894
163 1.0941204102
213 0.9806192435
218 0.3523643557
253 0.2745876788
319 0.1649802323
416 0.1257133403
453 0.0711903374
477 0.0554188372
585 0.0222827116
721 0.0116310872
823 0.0047916606
922 0.0041834790
924 0.0036689664
947 0.0016812602
1046 0.0016568009
1056 0.0007026762
1109 0.0004524944
1141 0.0004016259
1186 0.0002088466
1195 0.0001461887
1240 0.0000845218
1329 0.0000717601
1393 0.0000577448
1413 0.0000279126
1453 0.0000278025
1514 0.0000245719
1518 0.0000074870
1637 0.0000071535
1656 0.0000047862
1696 0.0000046670
1715 0.0000024268
1727 0.0000020965
1800 0.0000019126
1816 0.0000012178
1833 0.0000010543
1871 0.0000010088
1894 0.0000005575
1936 0.0000003928
1968 0.0000003273
1987 0.0000002831
2030 0.0000001731
2087 0.0000001299
2097 0.0000001154
2126 0.0000000780
2167 0.0000000297
2231 0.0000000137
2311 0.0000000086
2430 0.0000000041
2561 0.0000000023
2620 0.0000000018
2635 0.0000000005
2701 0.0000000003
2823 0.0000000001
3060 0.0000000000
50000 0.0000000000
evaluations raw_y
1 42.0515063490
4 23.6655637171
11 5.6327892098
22 1.1581327068
50 0.6953453197
134 0.2618026870
237 0.1667145396
258 0.0992893192
277 0.0590678219
330 0.0304774335
416 0.0250802888
448 0.0172222614
529 0.0057908144
623 0.0049793928
667 0.0047320907
681 0.0030588795
694 0.0027699725
695 0.0021133872
716 0.0019253311
723 0.0008229213
724 0.0003771779
819 0.0001088739
960 0.0001027570
969 0.0000877971
1016 0.0000732768
1057 0.0000240915
1129 0.0000221869
1193 0.0000211823
1209 0.0000207855
1234 0.0000049336
1336 0.0000026963
1367 0.0000013401
1413 0.0000011773
1472 0.0000006749
1499 0.0000002005
1640 0.0000001652
1722 0.0000001233
1755 0.0000000772
1825 0.0000000770
1834 0.0000000666
1847 0.0000000625
1916 0.0000000433
1984 0.0000000209
2007 0.0000000127
2013 0.0000000091
2112 0.0000000074
2125 0.0000000043
2127 0.0000000025
2302 0.0000000018
2317 0.0000000013
2348 0.0000000011
2394 0.0000000009
2420 0.0000000006
2427 0.0000000002
2570 0.0000000001
50000 0.0000000000
evaluations raw_y
1 22.4063759633
10 18.3261268256
11 8.6855936640
12 5.9075660595
16 4.3052723899
71 3.5890326444
77 2.7162215627
111 2.4307085550
114 1.5022852000
127 0.8527800300
136 0.8201823564
213 0.4803503611
242 0.4351595514
311 0.2583479888
322 0.1836288228
428 0.0598654686
465 0.0323132530
532 0.0116665628
650 0.0100586084
683 0.0060112314
716 0.0041708582
717 0.0038070867
728 0.0010579914
824 0.0007714734
933 0.0003880338
958 0.0003874575
981 0.0003872263
1008 0.0003768378
1049 0.0001517681
1115 0.0001166061
1127 0.0000869195
1173 0.0000685968
1243 0.0000597518
1247 0.0000410415
1279 0.0000194127
1340 0.0000139841
1420 0.0000097653
1478 0.0000090027
1506 0.0000053081
1615 0.0000040922
1619 0.0000026174
1658 0.0000022378
1718 0.0000011638
1753 0.0000008003
1780 0.0000007907
1794 0.0000006235
1812 0.0000005206
1813 0.0000004109
1815 0.0000002258
1859 0.0000001959
1899 0.0000001512
1993 0.0000000996
2016 0.0000000751
2025 0.0000000560
2070 0.0000000518
2109 0.0000000472
2122 0.0000000329
2124 0.0000000258
2132 0.0000000254
2142 0.0000000126
2211 0.0000000117
2212 0.0000000026
2325 0.0000000020
2419 0.0000000012
2449 0.0000000006
2451 0.0000000004
2541 0.0000000001
2725 0.0000000000
50000 0.0000000000
evaluations raw_y
1 38.2364936360
2 29.8118338641
6 22.4201288320
12 6.7226613077
17 6.6467077486
30 4.4271898995
112 3.5545104061
127 2.5153942088
137 1.7191154377
192 1.1645452485
213 0.4382938858
272 0.2732755494
321 0.0377759978
454 0.0131654591
514 0.0108987441
553 0.0105643159
617 0.0080299611
626 0.0068519744
628 0.0049086405
629 0.0048028000
711 0.0042839187
720 0.0027269757
734 0.0025409400
736 0.0012655043
813 0.0011062223
828 0.0008927203
832 0.0004650911
912 0.0003337101
928 0.0003016596
939 0.0002264284
1049 0.0001416718
1068 0.0001265735
1083 0.0000775672
1117 0.0000315991
1142 0.0000189267
1225 0.0000181713
1232 0.0000057569
1311 0.0000054276
1372 0.0000050541
1417 0.0000025297
1439 0.0000012103
1477 0.0000005898
1545 0.0000004291
1579 0.0000002002
1619 0.0000001174
1686 0.0000001125
1694 0.0000000271
1831 0.0000000211
1833 0.0000000152
1894 0.0000000087
1897 0.0000000062
1912 0.0000000059
1941 0.0000000029
1975 0.0000000021
2055 0.0000000014
2112 0.0000000009
2146 0.0000000003
2212 0.0000000001
2421 0.0000000000
50000 0.0000000000
evaluations raw_y
1 32.9927239487
4 26.9701102088
7 4.7586019471
15 2.8194110001
120 2.4400779455
129 0.7483598482
215 0.5283088480
244 0.2494292953
384 0.1430519484
416 0.1331919421
430 0.1306480141
431 0.0881134309
445 0.0620528407
524 0.0583816945
550 0.0531715238
551 0.0038064706
560 0.0032649836
742 0.0026263064
746 0.0021197813
810 0.0015954257
899 0.0013865953
945 0.0009128252
1002 0.0005630421
1020 0.0002783043
1111 0.0002461069
1143 0.0001951322
1146 0.0001934421
1166 0.0000937767
1230 0.0000802353
1235 0.0000750427
1242 0.0000619162
1252 0.0000295250
1307 0.0000217842
1311 0.0000095837
1314 0.0000070290
1401 0.0000069795
1416 0.0000058586
1419 0.0000025737
1501 0.0000022701
1524 0.0000017900
1528 0.0000009722
1622 0.0000007180
1696 0.0000006621
1768 0.0000005688
1812 0.0000003669
1914 0.0000003131
1921 0.0000003038
1948 0.0000002044
2041 0.0000001642
2118 0.0000001420
2126 0.0000001261
2133 0.0000001086
2226 0.0000000828
2242 0.0000000612
2260 0.0000000292
2321 0.0000000220
2428 0.0000000168
2515 0.0000000138
2517 0.0000000084
2547 0.0000000073
2557 0.0000000040
2643 0.0000000035
2648 0.0000000016
2715 0.0000000010
2719 0.0000000006
2841 0.0000000004
2912 0.0000000003
3015 0.0000000002
3026 0.0000000001
50000 0.0000000000
evaluations raw_y
1 41.4007870056
2 18.5354097504
13 10.9829327070
17 8.4075786597
28 7.1030302446
33 1.8103467716
113 1.7522103671
119 1.4875358966
143 1.0366870796
227 1.0095117728
228 0.7741040216
243 0.6858992572
293 0.6612362137
315 0.3394576060
386 0.2620799776
398 0.1881376610
469 0.1843878108
489 0.0982250561
512 0.0816893145
555 0.0580944319
564 0.0291795440
659 0.0242943129
718 0.0116174118
720 0.0023712970
830 0.0012739380
913 0.0009642296
958 0.0005270354
1036 0.0004862767
1047 0.0004507842
1049 0.0003917808
1060 0.0003660432
1147 0.0000657887
1154 0.0000654787
1242 0.0000377478
1285 0.0000249863
1319 0.0000239620
1328 0.0000071055
1353 0.0000051258
1413 0.0000021907
1576 0.0000017311
1613 0.0000013168
1616 0.0000006187
1662 0.0000001774
1750 0.0000001468
1822 0.0000001029
1871 0.0000001018
1897 0.0000000355
2015 0.0000000217
2027 0.0000000184
2089 0.0000000162
2111 0.0000000113
2124 0.0000000091
2215 0.0000000039
2218 0.0000000025
2234 0.0000000024
2317 0.0000000019
2369 0.0000000009
2386 0.0000000004
2486 0.0000000002
2582 0.0000000000
50000 0.0000000000
evaluations raw_y
1 50.9471795048
2 45.3337511690
3 19.9657471252
11 15.8260310574
14 11.9570536283
16 2.8068907321
26 1.2977336894
84 0.9955759159
133 0.8328774011
169 0.5446406011
253 0.3284971408
259 0.1461496526
263 0.0688141529
316 0.0099151671
551 0.0082818778
617 0.0071405036
648 0.0046609149
657 0.0041453843
709 0.0022063579
735 0.0005382017
773 0.0002171456
859 0.0001921005
985 0.0001110938
1114 0.0000383287
1153 0.0000303649
1333 0.0000139720
1353 0.0000122860
1376 0.0000119023
1385 0.0000073803
1436 0.0000040548
1512 0.0000039345
1527 0.0000032709
1531 0.0000025450
1537 0.0000019117
1562 0.0000012327
1611 0.0000012316
1625 0.0000002934
1712 0.0000002166
1713 0.0000001569
1818 0.0000001225
1826 0.0000000909
1834 0.0000000884
1870 0.0000000445
1878 0.0000000267
1963 0.0000000170
2013 0.0000000069
2078 0.0000000031
2113 0.0000000024
2114 0.0000000013
2264 0.0000000010
2289 0.0000000005
2314 0.0000000004
2380 0.0000000002
2512 0.0000000001
18410 0.0000000000
