evaluations raw_y
1 -32059.0000000000
2 -31947.0000000000
6 -31842.0000000000
11 -31835.0000000000
12 -31681.0000000000
48 -31212.0000000000
54 -28621.0000000000
66 -28111.0000000000
81 -28006.0000000000
95 -26738.0000000000
132 -26346.0000000000
156 -26107.0000000000
187 -26016.0000000000
210 -23740.0000000000
241 -19289.0000000000
312 -18296.0000000000
340 -18282.0000000000
349 -17392.0000000000
362 -17329.0000000000
363 -15198.0000000000
443 -14396.0000000000
485 -13469.0000000000
544 -13280.0000000000
571 -12483.0000000000
587 -11670.0000000000
610 -11593.0000000000
641 -11579.0000000000
649 -9888.0000000000
687 -9359.0000000000
689 -8851.0000000000
702 -5624.0000000000
773 -5456.0000000000
810 -4833.0000000000
816 -4083.0000000000
859 -3859.0000000000
891 -3655.0000000000
925 -3233.0000000000
983 -2522.0000000000
1051 -2510.0000000000
1102 -2417.0000000000
1125 -2235.0000000000
1187 -2158.0000000000
1205 -2154.0000000000
1227 -2121.0000000000
1235 -2041.0000000000
1251 -1925.0000000000
1271 -1851.0000000000
1281 -1835.0000000000
1283 -1821.0000000000
1324 -1492.0000000000
1383 -1368.0000000000
1408 -1361.0000000000
1417 -1340.0000000000
1441 -1276.0000000000
1454 -1221.0000000000
1490 -1144.0000000000
1513 -1008.0000000000
1537 -993.0000000000
1555 -965.0000000000
1576 -828.0000000000
1594 -786.0000000000
1610 -772.0000000000
1613 -624.0000000000
1708 -533.0000000000
1739 -530.0000000000
1746 -487.0000000000
1751 -443.0000000000
1765 -407.0000000000
1769 -330.0000000000
1789 -226.0000000000
1807 -212.0000000000
1819 -130.0000000000
1859 -85.0000000000
1886 -17.0000000000
1913 3.0000000000
2090 4.0000000000
2271 5.0000000000
2736 6.0000000000
4330 7.0000000000
5000 -14.0000000000
evaluations raw_y
1 -31653.0000000000
5 -31429.0000000000
60 -31247.0000000000
66 -31183.0000000000
72 -30925.0000000000
76 -30562.0000000000
83 -29917.0000000000
102 -29574.0000000000
121 -28609.0000000000
165 -27754.0000000000
191 -27123.0000000000
220 -25808.0000000000
272 -24798.0000000000
288 -23785.0000000000
321 -22241.0000000000
338 -21712.0000000000
379 -21642.0000000000
419 -21495.0000000000
427 -20535.0000000000
441 -19928.0000000000
482 -17895.0000000000
530 -16903.0000000000
560 -16586.0000000000
561 -16571.0000000000
571 -16047.0000000000
597 -16019.0000000000
598 -15754.0000000000
605 -15508.0000000000
612 -15013.0000000000
619 -14864.0000000000
635 -13821.0000000000
652 -12939.0000000000
684 -12821.0000000000
693 -12788.0000000000
709 -12528.0000000000
721 -11989.0000000000
760 -11240.0000000000
775 -9887.0000000000
802 -9341.0000000000
804 -9283.0000000000
814 -8557.0000000000
881 -7393.0000000000
885 -6848.0000000000
916 -6588.0000000000
945 -6560.0000000000
946 -6504.0000000000
956 -6160.0000000000
993 -6153.0000000000
1021 -6125.0000000000
1026 -5809.0000000000
1039 -5669.0000000000
1085 -5550.0000000000
1092 -5496.0000000000
1097 -5271.0000000000
1121 -4634.0000000000
1166 -4599.0000000000
1217 -4067.0000000000
1320 -4039.0000000000
1329 -3950.0000000000
1342 -3870.0000000000
1388 -3809.0000000000
1393 -3779.0000000000
1407 -3641.0000000000
1420 -3620.0000000000
1481 -3605.0000000000
1486 -3303.0000000000
1587 -3282.0000000000
1595 -3135.0000000000
1650 -3051.0000000000
1662 -2967.0000000000
1690 -2911.0000000000
1729 -2882.0000000000
1738 -2770.0000000000
1779 -2544.0000000000
1802 -2462.0000000000
1820 -2431.0000000000
1835 -2319.0000000000
1902 -2263.0000000000
1929 -2152.0000000000
1980 -2150.0000000000
1986 -2116.0000000000
1993 -2088.0000000000
2012 -2059.0000000000
2043 -1979.0000000000
2138 -1921.0000000000
2177 -1877.0000000000
2246 -1870.0000000000
2248 -1754.0000000000
2288 -1747.0000000000
2307 -1725.0000000000
2333 -1674.0000000000
2368 -1638.0000000000
2418 -1580.0000000000
2444 -1522.0000000000
2486 -1471.0000000000
2534 -1449.0000000000
2549 -1442.0000000000
2559 -1420.0000000000
2589 -1297.0000000000
2633 -1246.0000000000
2645 -1210.0000000000
2686 -1159.0000000000
2724 -1130.0000000000
2759 -1123.0000000000
2805 -1094.0000000000
2807 -1072.0000000000
2884 -1043.0000000000
5000 -1043.0000000000
evaluations raw_y
1 -31926.0000000000
3 -31758.0000000000
12 -31604.0000000000
42 -30392.0000000000
72 -29868.0000000000
107 -29840.0000000000
112 -25598.0000000000
174 -24840.0000000000
176 -24526.0000000000
214 -23979.0000000000
274 -22523.0000000000
291 -19798.0000000000
351 -19609.0000000000
373 -18620.0000000000
405 -18102.0000000000
447 -17410.0000000000
481 -17333.0000000000
483 -17058.0000000000
509 -16416.0000000000
530 -14631.0000000000
532 -14329.0000000000
541 -12561.0000000000
570 -11934.0000000000
602 -11457.0000000000
622 -10688.0000000000
642 -10604.0000000000
646 -10336.0000000000
660 -10130.0000000000
666 -9703.0000000000
677 -9525.0000000000
704 -8235.0000000000
717 -8055.0000000000
762 -8013.0000000000
764 -7955.0000000000
768 -7753.0000000000
770 -7284.0000000000
778 -5688.0000000000
856 -5667.0000000000
862 -5423.0000000000
872 -5213.0000000000
931 -4934.0000000000
953 -4337.0000000000
963 -3688.0000000000
1030 -3178.0000000000
1049 -3061.0000000000
1060 -2679.0000000000
1082 -1997.0000000000
1136 -1716.0000000000
1140 -1463.0000000000
1143 -1124.0000000000
1182 -863.0000000000
1215 -856.0000000000
1252 -849.0000000000
1304 -836.0000000000
1308 -827.0000000000
1328 -808.0000000000
1330 -364.0000000000
1376 -357.0000000000
1402 -311.0000000000
1438 -304.0000000000
1445 -128.0000000000
1492 -109.0000000000
1551 -76.0000000000
1567 -55.0000000000
1585 -29.0000000000
1693 -3.0000000000
1763 2.0000000000
1801 3.0000000000
1873 4.0000000000
2328 5.0000000000
2573 6.0000000000
5000 -15.0000000000
evaluations raw_y
1 -32388.0000000000
2 -31870.0000000000
10 -31681.0000000000
12 -31576.0000000000
33 -31541.0000000000
42 -30259.0000000000
85 -29868.0000000000
108 -28951.0000000000
122 -28818.0000000000
130 -26681.0000000000
177 -25819.0000000000
185 -23767.0000000000
186 -23393.0000000000
200 -22829.0000000000
219 -22668.0000000000
251 -22500.0000000000
252 -21947.0000000000
283 -21744.0000000000
305 -21292.0000000000
307 -20170.0000000000
323 -19658.0000000000
392 -19609.0000000000
415 -18174.0000000000
429 -17223.0000000000
443 -15982.0000000000
490 -15255.0000000000
523 -14705.0000000000
539 -13938.0000000000
564 -13678.0000000000
567 -13489.0000000000
573 -12658.0000000000
611 -12637.0000000000
622 -10850.0000000000
655 -10760.0000000000
672 -9736.0000000000
688 -9120.0000000000
728 -8735.0000000000
773 -8651.0000000000
799 -8202.0000000000
801 -7888.0000000000
809 -7009.0000000000
879 -6617.0000000000
880 -6230.0000000000
882 -4817.0000000000
935 -4705.0000000000
958 -3498.0000000000
1049 -3384.0000000000
1052 -3125.0000000000
1053 -3070.0000000000
1072 -3046.0000000000
1093 -2985.0000000000
1095 -2604.0000000000
1127 -2308.0000000000
1148 -2175.0000000000
1153 -1859.0000000000
1184 -1664.0000000000
1238 -1585.0000000000
1250 -1578.0000000000
1271 -1522.0000000000
1275 -1437.0000000000
1301 -1297.0000000000
1349 -1043.0000000000
5000 -1043.0000000000
evaluations raw_y
1 -32339.0000000000
2 -31961.0000000000
4 -31870.0000000000
9 -31758.0000000000
12 -31625.0000000000
17 -31485.0000000000
42 -27964.0000000000
50 -27600.0000000000
92 -27551.0000000000
94 -25926.0000000000
172 -24429.0000000000
244 -24066.0000000000
251 -23806.0000000000
267 -23322.0000000000
297 -22071.0000000000
318 -21901.0000000000
323 -21028.0000000000
399 -20334.0000000000
426 -18127.0000000000
448 -17862.0000000000
519 -17574.0000000000
522 -16743.0000000000
525 -15866.0000000000
592 -15119.0000000000
607 -14326.0000000000
641 -13019.0000000000
681 -12702.0000000000
720 -12576.0000000000
724 -10784.0000000000
728 -10238.0000000000
775 -9258.0000000000
777 -9131.0000000000
824 -8914.0000000000
843 -8845.0000000000
856 -8516.0000000000
862 -8350.0000000000
883 -8297.0000000000
887 -7604.0000000000
895 -7220.0000000000
901 -7003.0000000000
911 -6516.0000000000
933 -6502.0000000000
942 -5682.0000000000
969 -5675.0000000000
977 -5191.0000000000
1028 -5010.0000000000
1057 -4533.0000000000
1063 -4532.0000000000
1067 -4521.0000000000
1081 -4435.0000000000
1124 -3532.0000000000
1149 -3441.0000000000
1214 -3308.0000000000
1218 -3190.0000000000
1220 -3134.0000000000
1229 -2972.0000000000
1243 -2881.0000000000
1249 -2692.0000000000
1330 -2582.0000000000
1385 -2407.0000000000
1411 -2405.0000000000
1444 -2376.0000000000
1459 -2347.0000000000
1505 -2318.0000000000
1541 -2262.0000000000
1577 -2233.0000000000
1685 -2146.0000000000
1787 -2124.0000000000
1821 -2030.0000000000
1971 -2001.0000000000
2013 -1972.0000000000
2023 -1921.0000000000
2104 -1914.0000000000
2127 -1892.0000000000
2138 -1776.0000000000
2205 -1725.0000000000
2257 -1718.0000000000
2261 -1696.0000000000
2276 -1667.0000000000
2321 -1609.0000000000
2335 -1558.0000000000
2362 -1551.0000000000
2373 -1544.0000000000
2385 -1471.0000000000
2464 -1435.0000000000
2488 -1326.0000000000
2578 -1304.0000000000
2601 -1275.0000000000
2607 -1246.0000000000
2647 -1217.0000000000
2688 -1188.0000000000
2742 -1152.0000000000
2786 -1072.0000000000
2874 -1065.0000000000
2910 -1043.0000000000
5000 -1043.0000000000
evaluations raw_y
1 -32010.0000000000
7 -32003.0000000000
8 -31618.0000000000
12 -31562.0000000000
48 -31380.0000000000
50 -29427.0000000000
85 -29420.0000000000
88 -29258.0000000000
106 -28005.0000000000
107 -27795.0000000000
130 -26744.0000000000
185 -25703.0000000000
202 -25662.0000000000
203 -25591.0000000000
214 -23968.0000000000
273 -21693.0000000000
331 -20929.0000000000
365 -20216.0000000000
366 -19865.0000000000
418 -19487.0000000000
428 -19298.0000000000
446 -17904.0000000000
481 -15706.0000000000
529 -15601.0000000000
572 -15531.0000000000
581 -15146.0000000000
606 -14978.0000000000
624 -13977.0000000000
691 -13956.0000000000
723 -13340.0000000000
725 -10666.0000000000
824 -10470.0000000000
862 -8942.0000000000
890 -8893.0000000000
919 -8739.0000000000
932 -8718.0000000000
955 -8382.0000000000
966 -7494.0000000000
970 -7089.0000000000
1013 -6421.0000000000
1094 -6271.0000000000
1102 -6109.0000000000
1155 -5407.0000000000
1189 -5181.0000000000
1202 -5079.0000000000
1238 -4735.0000000000
1243 -4654.0000000000
1292 -4652.0000000000
1300 -4534.0000000000
1309 -4497.0000000000
1317 -4469.0000000000
1324 -4190.0000000000
1351 -3776.0000000000
1362 -3412.0000000000
1445 -3224.0000000000
1448 -2852.0000000000
1499 -2354.0000000000
1530 -2285.0000000000
1562 -1956.0000000000
1612 -1914.0000000000
1690 -1732.0000000000
1719 -1706.0000000000
1726 -1679.0000000000
1801 -1441.0000000000
1886 -1427.0000000000
1916 -1168.0000000000
1989 -1146.0000000000
2006 -999.0000000000
2068 -964.0000000000
2111 -922.0000000000
2119 -882.0000000000
2139 -762.0000000000
2203 -497.0000000000
2290 -329.0000000000
2335 -322.0000000000
2370 -308.0000000000
2384 -265.0000000000
2387 -245.0000000000
2456 -223.0000000000
2483 -133.0000000000
2510 -126.0000000000
2516 -104.0000000000
2529 -98.0000000000
2568 -63.0000000000
2577 -27.0000000000
2580 1.0000000000
3891 2.0000000000
4051 3.0000000000
4182 4.0000000000
4768 5.0000000000
5000 -9.0000000000
evaluations raw_y
1 -31905.0000000000
2 -31842.0000000000
7 -31576.0000000000
11 -31562.0000000000
50 -31037.0000000000
58 -29553.0000000000
106 -28664.0000000000
123 -27922.0000000000
136 -27010.0000000000
170 -26282.0000000000
194 -25694.0000000000
232 -25387.0000000000
250 -25372.0000000000
262 -25347.0000000000
267 -25295.0000000000
270 -23261.0000000000
281 -22266.0000000000
293 -22133.0000000000
386 -22124.0000000000
387 -21704.0000000000
397 -21615.0000000000
408 -20076.0000000000
479 -20062.0000000000
486 -19407.0000000000
507 -18760.0000000000
534 -18431.0000000000
557 -18326.0000000000
562 -18284.0000000000
576 -18158.0000000000
585 -17542.0000000000
603 -17514.0000000000
606 -17001.0000000000
633 -15988.0000000000
663 -15768.0000000000
673 -15134.0000000000
682 -14182.0000000000
748 -14060.0000000000
778 -13342.0000000000
811 -12915.0000000000
844 -12432.0000000000
860 -12303.0000000000
884 -12229.0000000000
889 -11480.0000000000
956 -11401.0000000000
972 -10535.0000000000
1002 -10464.0000000000
1007 -9779.0000000000
1020 -9104.0000000000
1056 -7915.0000000000
1092 -7734.0000000000
1129 -7720.0000000000
1158 -7019.0000000000
1181 -6740.0000000000
1201 -6684.0000000000
1202 -6641.0000000000
1213 -6593.0000000000
1237 -6389.0000000000
1249 -6216.0000000000
1251 -5942.0000000000
1262 -5752.0000000000
1282 -5333.0000000000
1291 -5270.0000000000
1325 -4269.0000000000
1390 -3787.0000000000
1422 -3572.0000000000
1473 -3394.0000000000
1479 -3227.0000000000
1489 -3031.0000000000
1545 -2828.0000000000
1561 -2821.0000000000
1562 -2751.0000000000
1566 -2281.0000000000
1568 -2219.0000000000
1585 -2085.0000000000
1603 -2037.0000000000
1616 -1680.0000000000
1641 -1609.0000000000
1658 -1526.0000000000
1666 -1435.0000000000
1687 -1302.0000000000
1721 -1064.0000000000
1755 -861.0000000000
1780 -644.0000000000
1805 -252.0000000000
1909 -196.0000000000
1929 -56.0000000000
1976 1.0000000000
2247 2.0000000000
2432 3.0000000000
2495 4.0000000000
2650 5.0000000000
2863 6.0000000000
5000 -15.0000000000
evaluations raw_y
1 -31926.0000000000
3 -31660.0000000000
44 -31324.0000000000
46 -29552.0000000000
66 -29154.0000000000
84 -29013.0000000000
86 -25338.0000000000
100 -25261.0000000000
157 -25058.0000000000
168 -24799.0000000000
187 -24056.0000000000
192 -23699.0000000000
204 -23533.0000000000
218 -23165.0000000000
262 -22518.0000000000
300 -22251.0000000000
302 -21046.0000000000
325 -20828.0000000000
329 -19778.0000000000
359 -19575.0000000000
368 -19302.0000000000
381 -18593.0000000000
402 -15983.0000000000
484 -14855.0000000000
533 -14109.0000000000
571 -13206.0000000000
604 -13178.0000000000
608 -12641.0000000000
646 -11937.0000000000
683 -11789.0000000000
689 -11586.0000000000
713 -11567.0000000000
747 -11243.0000000000
751 -11105.0000000000
754 -9520.0000000000
774 -8979.0000000000
819 -8925.0000000000
841 -8878.0000000000
843 -8132.0000000000
844 -7713.0000000000
871 -7425.0000000000
910 -6395.0000000000
969 -6361.0000000000
984 -6344.0000000000
992 -6297.0000000000
994 -6189.0000000000
995 -5880.0000000000
1013 -5714.0000000000
1015 -5504.0000000000
1036 -4640.0000000000
1048 -4612.0000000000
1087 -4531.0000000000
1092 -3715.0000000000
1116 -3432.0000000000
1129 -3297.0000000000
1151 -2376.0000000000
1177 -2334.0000000000
1220 -2176.0000000000
1224 -1897.0000000000
1273 -1570.0000000000
1293 -1470.0000000000
1377 -1414.0000000000
1414 -1413.0000000000
1416 -1385.0000000000
1441 -1357.0000000000
1452 -1299.0000000000
1485 -1242.0000000000
1512 -1186.0000000000
1528 -1157.0000000000
1560 -1043.0000000000
5000 -1043.0000000000
evaluations raw_y
1 -32206.0000000000
3 -32129.0000000000
6 -32108.0000000000
7 -32024.0000000000
8 -31800.0000000000
11 -31786.0000000000
24 -31653.0000000000
45 -31632.0000000000
50 -30995.0000000000
56 -30561.0000000000
74 -29680.0000000000
76 -27768.0000000000
82 -25675.0000000000
148 -24765.0000000000
183 -23561.0000000000
211 -23330.0000000000
234 -21356.0000000000
274 -21342.0000000000
283 -21272.0000000000
317 -21160.0000000000
323 -18353.0000000000
362 -18332.0000000000
391 -17185.0000000000
402 -15973.0000000000
435 -14364.0000000000
544 -11582.0000000000
616 -10843.0000000000
681 -10009.0000000000
706 -9694.0000000000
723 -9422.0000000000
732 -7881.0000000000
772 -6377.0000000000
802 -6244.0000000000
806 -5578.0000000000
908 -5320.0000000000
914 -5130.0000000000
945 -4725.0000000000
977 -4080.0000000000
1013 -4038.0000000000
1035 -4003.0000000000
1039 -3933.0000000000
1043 -3912.0000000000
1050 -3884.0000000000
1051 -3282.0000000000
1057 -2911.0000000000
1139 -2869.0000000000
1144 -2456.0000000000
1171 -2281.0000000000
1204 -2141.0000000000
1250 -2085.0000000000
1303 -2043.0000000000
1318 -2016.0000000000
1323 -1953.0000000000
1328 -1847.0000000000
1369 -1771.0000000000
1393 -1686.0000000000
1417 -1546.0000000000
1433 -1365.0000000000
1456 -1323.0000000000
1461 -1295.0000000000
1519 -1246.0000000000
1525 -1078.0000000000
1565 -1064.0000000000
1575 -938.0000000000
1612 -924.0000000000
1626 -910.0000000000
1646 -728.0000000000
1700 -714.0000000000
1728 -672.0000000000
1770 -609.0000000000
1784 -567.0000000000
1805 -532.0000000000
1852 -469.0000000000
1879 -413.0000000000
1895 -231.0000000000
1970 -161.0000000000
2007 -133.0000000000
2025 -98.0000000000
2075 -63.0000000000
2099 -56.0000000000
2153 -28.0000000000
2280 0.0000000000
5000 0.0000000000
evaluations raw_y
1 -31982.0000000000
7 -31961.0000000000
10 -31814.0000000000
12 -31723.0000000000
13 -31632.0000000000
48 -31604.0000000000
56 -28670.0000000000
82 -27914.0000000000
126 -27402.0000000000
128 -26632.0000000000
163 -25646.0000000000
228 -25134.0000000000
258 -24826.0000000000
260 -24538.0000000000
268 -24476.0000000000
283 -23999.0000000000
316 -22909.0000000000
352 -20575.0000000000
408 -19504.0000000000
420 -18540.0000000000
442 -17536.0000000000
498 -16736.0000000000
504 -16398.0000000000
542 -15915.0000000000
562 -14779.0000000000
570 -14750.0000000000
631 -12802.0000000000
707 -12697.0000000000
720 -12404.0000000000
725 -12362.0000000000
727 -11572.0000000000
753 -10037.0000000000
762 -8646.0000000000
811 -8058.0000000000
832 -7688.0000000000
845 -7571.0000000000
887 -6998.0000000000
929 -6667.0000000000
992 -6541.0000000000
995 -5857.0000000000
1031 -4059.0000000000
1076 -4045.0000000000
1077 -3843.0000000000
1094 -3414.0000000000
1132 -3259.0000000000
1136 -2997.0000000000
1202 -2660.0000000000
1265 -2433.0000000000
1310 -2207.0000000000
1361 -2142.0000000000
1363 -2086.0000000000
1368 -1954.0000000000
1418 -1808.0000000000
1420 -1778.0000000000
1422 -1728.0000000000
1426 -1554.0000000000
1437 -1550.0000000000
1462 -1257.0000000000
1485 -1156.0000000000
1521 -1016.0000000000
1609 -989.0000000000
1745 -962.0000000000
1897 -935.0000000000
1981 -915.0000000000
2001 -908.0000000000
2083 -888.0000000000
2094 -881.0000000000
2166 -854.0000000000
2197 -841.0000000000
2203 -827.0000000000
2245 -807.0000000000
2287 -773.0000000000
2297 -753.0000000000
2322 -746.0000000000
2356 -719.0000000000
2361 -692.0000000000
2416 -672.0000000000
2441 -618.0000000000
2453 -584.0000000000
2509 -557.0000000000
2585 -530.0000000000
2610 -517.0000000000
2615 -503.0000000000
2629 -463.0000000000
2643 -429.0000000000
2743 -402.0000000000
2773 -375.0000000000
2812 -362.0000000000
2845 -302.0000000000
2859 -295.0000000000
2889 -275.0000000000
2921 -255.0000000000
2929 -235.0000000000
2963 -194.0000000000
2998 -167.0000000000
3020 -148.0000000000
3043 -135.0000000000
3066 -115.0000000000
3102 -114.0000000000
3105 -108.0000000000
3140 -101.0000000000
3141 -68.0000000000
3176 -42.0000000000
3215 -41.0000000000
3263 -36.0000000000
3270 3.0000000000
3373 4.0000000000
3621 5.0000000000
4584 6.0000000000
5000 -8.0000000000
