evaluations raw_y
1 -31800.0000000000
13 -31744.0000000000
14 -31541.0000000000
106 -31506.0000000000
110 -30602.0000000000
136 -29854.0000000000
154 -29447.0000000000
208 -29349.0000000000
260 -27115.0000000000
310 -26234.0000000000
331 -25661.0000000000
370 -24667.0000000000
491 -24191.0000000000
509 -22826.0000000000
646 -22510.0000000000
716 -22153.0000000000
759 -21755.0000000000
822 -20800.0000000000
901 -19365.0000000000
1054 -18912.0000000000
1104 -18268.0000000000
1131 -18163.0000000000
1141 -17604.0000000000
1166 -17498.0000000000
1201 -16574.0000000000
1306 -15011.0000000000
1329 -14956.0000000000
1455 -14865.0000000000
1512 -14483.0000000000
1557 -14366.0000000000
1570 -13752.0000000000
1673 -11708.0000000000
1835 -11687.0000000000
1848 -11205.0000000000
1853 -11036.0000000000
1918 -10727.0000000000
1994 -9881.0000000000
2006 -9839.0000000000
2062 -9519.0000000000
2215 -9301.0000000000
2217 -8993.0000000000
2225 -8939.0000000000
2254 -8604.0000000000
2332 -8468.0000000000
2399 -7950.0000000000
2449 -7762.0000000000
2503 -7688.0000000000
2521 -7439.0000000000
2610 -7117.0000000000
2624 -6984.0000000000
2702 -6549.0000000000
2712 -6452.0000000000
2804 -6438.0000000000
2935 -6220.0000000000
2975 -5960.0000000000
2985 -5476.0000000000
3026 -5454.0000000000
3072 -5441.0000000000
3107 -5426.0000000000
3154 -5162.0000000000
3171 -5072.0000000000
3187 -5000.0000000000
3287 -4126.0000000000
3373 -4119.0000000000
3426 -4064.0000000000
3435 -3679.0000000000
3530 -3677.0000000000
3586 -3665.0000000000
3628 -3566.0000000000
3640 -3377.0000000000
3659 -3327.0000000000
3742 -3321.0000000000
3761 -3074.0000000000
3809 -3042.0000000000
3935 -2957.0000000000
3937 -2587.0000000000
4175 -2546.0000000000
4203 -2126.0000000000
4314 -2055.0000000000
4360 -1748.0000000000
4453 -1609.0000000000
4514 -1504.0000000000
4549 -1468.0000000000
4606 -1433.0000000000
4614 -1384.0000000000
4631 -1377.0000000000
4671 -1197.0000000000
4710 -1174.0000000000
4718 -1055.0000000000
4789 -1041.0000000000
4832 -776.0000000000
4989 -637.0000000000
5000 -1393.0000000000
evaluations raw_y
1 -31807.0000000000
16 -31744.0000000000
33 -31667.0000000000
82 -31597.0000000000
112 -30735.0000000000
134 -30553.0000000000
164 -29092.0000000000
211 -29015.0000000000
220 -28726.0000000000
297 -27888.0000000000
327 -27769.0000000000
331 -27104.0000000000
350 -26898.0000000000
386 -26772.0000000000
425 -26121.0000000000
563 -24940.0000000000
634 -23849.0000000000
755 -23091.0000000000
834 -22867.0000000000
864 -22743.0000000000
904 -22490.0000000000
912 -22476.0000000000
914 -19801.0000000000
1009 -19613.0000000000
1087 -19494.0000000000
1112 -19088.0000000000
1194 -18800.0000000000
1206 -18653.0000000000
1222 -16799.0000000000
1230 -16505.0000000000
1325 -15497.0000000000
1416 -15420.0000000000
1434 -14587.0000000000
1491 -12984.0000000000
1586 -12928.0000000000
1662 -12431.0000000000
1712 -12347.0000000000
1715 -11759.0000000000
1814 -11752.0000000000
1840 -11626.0000000000
1846 -11060.0000000000
1909 -9618.0000000000
1936 -9477.0000000000
1992 -7938.0000000000
2103 -7454.0000000000
2207 -7245.0000000000
2249 -6691.0000000000
2346 -6684.0000000000
2347 -6390.0000000000
2416 -6208.0000000000
2423 -5746.0000000000
2488 -5480.0000000000
2510 -5269.0000000000
2527 -4753.0000000000
2685 -4745.0000000000
2724 -4424.0000000000
2826 -4115.0000000000
2916 -3990.0000000000
2925 -3772.0000000000
2945 -3486.0000000000
2961 -2856.0000000000
3309 -2737.0000000000
3313 -2702.0000000000
3350 -2688.0000000000
3542 -2520.0000000000
3555 -2450.0000000000
3610 -2401.0000000000
3677 -2303.0000000000
3795 -2275.0000000000
3896 -2254.0000000000
3925 -2253.0000000000
3930 -2247.0000000000
3935 -2219.0000000000
3957 -2142.0000000000
4041 -1834.0000000000
4133 -1715.0000000000
4209 -1582.0000000000
4279 -1484.0000000000
4329 -1428.0000000000
4357 -1323.0000000000
4553 -1274.0000000000
4622 -1246.0000000000
4699 -1204.0000000000
4705 -1092.0000000000
4729 -1043.0000000000
4798 -1022.0000000000
4829 -903.0000000000
4845 -749.0000000000
4851 -693.0000000000
4999 -581.0000000000
5000 -1036.0000000000
evaluations raw_y
1 -32206.0000000000
2 -32150.0000000000
3 -31884.0000000000
8 -31646.0000000000
63 -31457.0000000000
108 -31205.0000000000
110 -30883.0000000000
140 -30393.0000000000
144 -29546.0000000000
229 -29098.0000000000
258 -27389.0000000000
340 -27165.0000000000
368 -27053.0000000000
414 -26409.0000000000
452 -25597.0000000000
461 -21363.0000000000
557 -21293.0000000000
603 -21272.0000000000
609 -20145.0000000000
749 -19654.0000000000
805 -19606.0000000000
834 -19507.0000000000
835 -17050.0000000000
920 -16896.0000000000
1051 -16469.0000000000
1085 -16008.0000000000
1116 -15337.0000000000
1128 -15244.0000000000
1142 -14957.0000000000
1233 -14529.0000000000
1273 -13929.0000000000
1310 -13873.0000000000
1329 -13220.0000000000
1386 -10996.0000000000
1547 -9421.0000000000
1651 -9169.0000000000
1673 -8672.0000000000
1809 -8406.0000000000
1812 -7272.0000000000
1817 -7181.0000000000
1905 -6768.0000000000
1929 -6257.0000000000
2010 -6089.0000000000
2033 -5836.0000000000
2067 -5767.0000000000
2101 -5488.0000000000
2125 -5277.0000000000
2155 -4969.0000000000
2174 -4857.0000000000
2205 -4473.0000000000
2307 -4459.0000000000
2310 -3870.0000000000
2338 -3681.0000000000
2406 -3667.0000000000
2441 -3505.0000000000
2476 -3247.0000000000
2554 -3002.0000000000
2650 -2065.0000000000
2734 -2030.0000000000
2846 -1932.0000000000
2851 -1610.0000000000
2975 -1547.0000000000
3061 -1512.0000000000
3199 -1372.0000000000
3260 -1232.0000000000
3272 -1106.0000000000
3376 -1092.0000000000
3424 -1085.0000000000
3429 -1064.0000000000
3509 -1050.0000000000
3538 -1008.0000000000
3562 -994.0000000000
3579 -917.0000000000
3610 -882.0000000000
3671 -644.0000000000
3775 -588.0000000000
3851 -581.0000000000
3861 -574.0000000000
3917 -546.0000000000
3939 -441.0000000000
4001 -308.0000000000
4115 -294.0000000000
4141 -245.0000000000
4202 -238.0000000000
4263 -182.0000000000
4306 -119.0000000000
4358 -56.0000000000
4484 -42.0000000000
4583 0.0000000000
5000 0.0000000000
evaluations raw_y
1 -32108.0000000000
2 -32024.0000000000
3 -31870.0000000000
9 -31716.0000000000
74 -31485.0000000000
132 -28243.0000000000
247 -27299.0000000000
255 -26997.0000000000
272 -25352.0000000000
371 -24379.0000000000
621 -24358.0000000000
625 -24315.0000000000
643 -24071.0000000000
653 -23952.0000000000
670 -23951.0000000000
714 -23565.0000000000
735 -22482.0000000000
859 -21713.0000000000
937 -21279.0000000000
955 -19357.0000000000
1098 -18797.0000000000
1184 -18563.0000000000
1213 -17982.0000000000
1214 -16785.0000000000
1240 -16737.0000000000
1341 -16265.0000000000
1461 -13953.0000000000
1609 -13932.0000000000
1617 -13792.0000000000
1703 -13543.0000000000
1720 -12397.0000000000
1728 -12077.0000000000
1805 -10958.0000000000
1911 -10936.0000000000
1928 -10903.0000000000
1948 -8253.0000000000
2026 -7582.0000000000
2090 -7254.0000000000
2190 -6855.0000000000
2261 -6848.0000000000
2275 -6629.0000000000
2291 -6463.0000000000
2317 -6195.0000000000
2336 -5476.0000000000
2341 -3503.0000000000
2506 -3369.0000000000
2514 -3003.0000000000
2690 -2912.0000000000
2764 -2808.0000000000
2814 -2756.0000000000
2830 -2220.0000000000
2834 -2114.0000000000
2918 -2055.0000000000
2964 -1820.0000000000
3018 -1606.0000000000
3051 -889.0000000000
3135 -711.0000000000
3148 -602.0000000000
3206 -574.0000000000
3215 -532.0000000000
3273 -327.0000000000
3347 -314.0000000000
3401 -160.0000000000
3517 -139.0000000000
3613 -48.0000000000
3851 -43.0000000000
3866 -10.0000000000
4006 3.0000000000
4246 4.0000000000
5000 3.0000000000
evaluations raw_y
1 -32290.0000000000
2 -32192.0000000000
4 -32024.0000000000
5 -31618.0000000000
15 -31597.0000000000
108 -30596.0000000000
112 -28908.0000000000
208 -27733.0000000000
340 -27311.0000000000
390 -27080.0000000000
411 -26388.0000000000
454 -26038.0000000000
558 -25771.0000000000
608 -24447.0000000000
661 -24434.0000000000
696 -23126.0000000000
705 -22966.0000000000
731 -22494.0000000000
857 -21403.0000000000
860 -20551.0000000000
1004 -20286.0000000000
1030 -17156.0000000000
1177 -17114.0000000000
1238 -14314.0000000000
1256 -13094.0000000000
1320 -13003.0000000000
1471 -12968.0000000000
1473 -12933.0000000000
1476 -12667.0000000000
1520 -11308.0000000000
1646 -10446.0000000000
1701 -10434.0000000000
1724 -10369.0000000000
1751 -9727.0000000000
1802 -9417.0000000000
1848 -8941.0000000000
1891 -8879.0000000000
1959 -8406.0000000000
1999 -8235.0000000000
2010 -7907.0000000000
2033 -6945.0000000000
2081 -6840.0000000000
2108 -6484.0000000000
2157 -6382.0000000000
2186 -6183.0000000000
2211 -6076.0000000000
2212 -5442.0000000000
2221 -5397.0000000000
2274 -5299.0000000000
2280 -5245.0000000000
2290 -3572.0000000000
2415 -2488.0000000000
2631 -2474.0000000000
2699 -2423.0000000000
2753 -2066.0000000000
2835 -2026.0000000000
2855 -1899.0000000000
2985 -1862.0000000000
3011 -1638.0000000000
3196 -1624.0000000000
3410 -1617.0000000000
3508 -1609.0000000000
3516 -1434.0000000000
3616 -1294.0000000000
3743 -1271.0000000000
3805 -1137.0000000000
4021 -1108.0000000000
4032 -1038.0000000000
4140 -1030.0000000000
4142 -988.0000000000
4231 -791.0000000000
4382 -784.0000000000
4417 -688.0000000000
4535 -681.0000000000
4539 -668.0000000000
4543 -591.0000000000
4713 -563.0000000000
4726 -534.0000000000
4788 -498.0000000000
4815 -464.0000000000
4848 -457.0000000000
4914 -393.0000000000
4987 -359.0000000000
5000 -527.0000000000
evaluations raw_y
1 -32087.0000000000
2 -31464.0000000000
102 -29461.0000000000
126 -28601.0000000000
239 -26927.0000000000
337 -25450.0000000000
398 -25213.0000000000
521 -24169.0000000000
554 -24016.0000000000
640 -22887.0000000000
702 -22013.0000000000
712 -21846.0000000000
774 -19903.0000000000
808 -17313.0000000000
1015 -17229.0000000000
1102 -16396.0000000000
1106 -14928.0000000000
1225 -14893.0000000000
1232 -14589.0000000000
1300 -14145.0000000000
1332 -13532.0000000000
1376 -12887.0000000000
1442 -10797.0000000000
1540 -9196.0000000000
1638 -7238.0000000000
1706 -7203.0000000000
1769 -7021.0000000000
1835 -6986.0000000000
1902 -6338.0000000000
1941 -5208.0000000000
2006 -4865.0000000000
2125 -3607.0000000000
2232 -3537.0000000000
2266 -3369.0000000000
2417 -3299.0000000000
2450 -3220.0000000000
2513 -2598.0000000000
2658 -2422.0000000000
2718 -2207.0000000000
2721 -2187.0000000000
2738 -2144.0000000000
2776 -2110.0000000000
2809 -2050.0000000000
2812 -1809.0000000000
2815 -1694.0000000000
2975 -1680.0000000000
3012 -1522.0000000000
3022 -1258.0000000000
3073 -1139.0000000000
3112 -1104.0000000000
3119 -919.0000000000
3192 -830.0000000000
3215 -816.0000000000
3290 -776.0000000000
3303 -577.0000000000
3363 -532.0000000000
3433 -347.0000000000
3678 -289.0000000000
3721 -276.0000000000
3738 -239.0000000000
3766 -231.0000000000
3833 -180.0000000000
3848 -172.0000000000
3928 -136.0000000000
3947 -117.0000000000
4082 -84.0000000000
4093 -29.0000000000
4204 -8.0000000000
4265 -4.0000000000
4386 -2.0000000000
4406 3.0000000000
4601 4.0000000000
5000 3.0000000000
evaluations raw_y
1 -31625.0000000000
17 -31548.0000000000
71 -31492.0000000000
116 -30240.0000000000
140 -29861.0000000000
158 -29596.0000000000
212 -29021.0000000000
223 -28804.0000000000
278 -27649.0000000000
304 -26928.0000000000
340 -26417.0000000000
397 -26361.0000000000
449 -26137.0000000000
492 -26012.0000000000
496 -23617.0000000000
566 -23372.0000000000
585 -21965.0000000000
692 -21909.0000000000
713 -20481.0000000000
810 -19983.0000000000
946 -19613.0000000000
968 -18801.0000000000
1132 -17828.0000000000
1162 -17596.0000000000
1211 -13936.0000000000
1417 -13922.0000000000
1427 -13845.0000000000
1558 -13460.0000000000
1591 -13355.0000000000
1610 -13131.0000000000
1613 -13068.0000000000
1630 -12270.0000000000
1671 -11795.0000000000
1705 -11550.0000000000
1800 -11528.0000000000
1834 -10101.0000000000
1905 -9708.0000000000
2023 -9506.0000000000
2026 -9120.0000000000
2046 -8679.0000000000
2092 -8372.0000000000
2117 -7349.0000000000
2219 -7314.0000000000
2272 -7231.0000000000
2317 -6915.0000000000
2387 -6299.0000000000
2390 -5536.0000000000
2430 -5039.0000000000
2505 -4871.0000000000
2544 -4850.0000000000
2607 -4829.0000000000
2652 -4668.0000000000
2668 -4438.0000000000
2719 -3968.0000000000
2758 -3401.0000000000
2843 -3121.0000000000
2935 -3114.0000000000
3018 -3023.0000000000
3038 -3001.0000000000
3041 -2840.0000000000
3065 -2442.0000000000
3142 -2357.0000000000
3163 -2154.0000000000
3204 -2141.0000000000
3262 -2063.0000000000
3322 -1826.0000000000
3396 -1552.0000000000
3422 -1483.0000000000
3501 -994.0000000000
3645 -460.0000000000
3817 -341.0000000000
3957 -187.0000000000
4118 -140.0000000000
4272 -110.0000000000
4288 -83.0000000000
4349 0.0000000000
4587 1.0000000000
5000 1.0000000000
evaluations raw_y
1 -31786.0000000000
14 -31695.0000000000
48 -31590.0000000000
122 -30295.0000000000
152 -29757.0000000000
186 -28817.0000000000
201 -28614.0000000000
226 -28551.0000000000
242 -26605.0000000000
342 -26382.0000000000
400 -25137.0000000000
429 -25010.0000000000
518 -24710.0000000000
535 -24521.0000000000
566 -23663.0000000000
597 -22652.0000000000
632 -21543.0000000000
740 -20734.0000000000
786 -20703.0000000000
807 -20545.0000000000
837 -20426.0000000000
937 -19753.0000000000
947 -18956.0000000000
1027 -18872.0000000000
1040 -17283.0000000000
1109 -16841.0000000000
1183 -16828.0000000000
1235 -16715.0000000000
1322 -14465.0000000000
1498 -14322.0000000000
1544 -13962.0000000000
1637 -13950.0000000000
1660 -13900.0000000000
1678 -13824.0000000000
1689 -13502.0000000000
1708 -12772.0000000000
1778 -11584.0000000000
1802 -11542.0000000000
1820 -11521.0000000000
1905 -11444.0000000000
1910 -10356.0000000000
2040 -9224.0000000000
2148 -9127.0000000000
2220 -7264.0000000000
2412 -6927.0000000000
2633 -6529.0000000000
2736 -6368.0000000000
2752 -6256.0000000000
2800 -6060.0000000000
2861 -6046.0000000000
2952 -6004.0000000000
2954 -5549.0000000000
3007 -5493.0000000000
3060 -5361.0000000000
3115 -4975.0000000000
3218 -4954.0000000000
3232 -4927.0000000000
3269 -4856.0000000000
3326 -4527.0000000000
3418 -4506.0000000000
3494 -4226.0000000000
3501 -4036.0000000000
3582 -4010.0000000000
3684 -3904.0000000000
3687 -3898.0000000000
3711 -3855.0000000000
3724 -3835.0000000000
3762 -3716.0000000000
3777 -3534.0000000000
3889 -3394.0000000000
3893 -3373.0000000000
3911 -3359.0000000000
3917 -3330.0000000000
3927 -3108.0000000000
4069 -3101.0000000000
4076 -3072.0000000000
4104 -2884.0000000000
4287 -2749.0000000000
4307 -2721.0000000000
4385 -2449.0000000000
4407 -2232.0000000000
4538 -1945.0000000000
4676 -1917.0000000000
4709 -1771.0000000000
4756 -1609.0000000000
4836 -1546.0000000000
4882 -1532.0000000000
4902 -1427.0000000000
4985 -1372.0000000000
5000 -2288.0000000000
evaluations raw_y
1 -32115.0000000000
2 -32087.0000000000
4 -31821.0000000000
8 -31618.0000000000
105 -31520.0000000000
131 -31485.0000000000
140 -31226.0000000000
142 -30631.0000000000
168 -30224.0000000000
224 -28825.0000000000
354 -28355.0000000000
403 -27199.0000000000
450 -25429.0000000000
543 -25408.0000000000
598 -25318.0000000000
615 -23554.0000000000
805 -23531.0000000000
822 -21066.0000000000
1017 -20081.0000000000
1089 -19114.0000000000
1316 -18981.0000000000
1325 -18630.0000000000
1339 -18426.0000000000
1444 -17328.0000000000
1456 -17006.0000000000
1510 -15276.0000000000
1614 -14948.0000000000
1703 -14754.0000000000
1710 -13648.0000000000
1762 -13184.0000000000
1827 -12689.0000000000
1842 -11827.0000000000
1901 -10429.0000000000
2105 -8810.0000000000
2224 -8140.0000000000
2301 -8053.0000000000
2394 -7826.0000000000
2410 -7235.0000000000
2487 -6980.0000000000
2505 -6764.0000000000
2532 -6050.0000000000
2614 -5430.0000000000
2716 -5014.0000000000
2736 -4881.0000000000
2802 -4783.0000000000
2805 -4346.0000000000
2911 -4247.0000000000
2924 -3856.0000000000
2937 -3275.0000000000
3026 -3268.0000000000
3034 -3226.0000000000
3103 -2664.0000000000
3223 -2409.0000000000
3301 -2395.0000000000
3365 -2381.0000000000
3439 -2181.0000000000
3511 -2167.0000000000
3612 -2039.0000000000
3646 -2027.0000000000
3664 -1865.0000000000
3704 -1578.0000000000
3911 -1564.0000000000
3914 -1484.0000000000
3955 -1415.0000000000
4005 -1217.0000000000
4221 -1216.0000000000
4237 -1049.0000000000
4527 -1026.0000000000
4581 -1019.0000000000
4617 -1018.0000000000
4660 -1016.0000000000
4707 -965.0000000000
4746 -935.0000000000
5000 -1049.0000000000
evaluations raw_y
1 -32178.0000000000
2 -31814.0000000000
6 -31772.0000000000
12 -31653.0000000000
56 -31618.0000000000
120 -30533.0000000000
144 -29882.0000000000
213 -29147.0000000000
215 -27012.0000000000
407 -26501.0000000000
424 -24583.0000000000
518 -23967.0000000000
608 -23268.0000000000
616 -23259.0000000000
646 -22623.0000000000
750 -21762.0000000000
819 -20031.0000000000
921 -19998.0000000000
924 -19669.0000000000
1025 -19184.0000000000
1091 -19023.0000000000
1114 -18990.0000000000
1131 -17883.0000000000
1175 -17149.0000000000
1177 -16988.0000000000
1281 -16848.0000000000
1288 -15923.0000000000
1316 -14298.0000000000
1357 -13893.0000000000
1408 -13479.0000000000
1509 -11113.0000000000
1762 -11085.0000000000
1788 -10946.0000000000
1831 -10862.0000000000
1850 -9678.0000000000
1897 -9288.0000000000
1966 -8322.0000000000
2063 -8252.0000000000
2072 -8103.0000000000
2073 -8063.0000000000
2104 -7209.0000000000
2257 -7069.0000000000
2273 -6558.0000000000
2308 -5816.0000000000
2370 -5401.0000000000
2501 -5319.0000000000
2550 -4576.0000000000
2675 -4485.0000000000
2811 -4212.0000000000
2820 -2991.0000000000
2907 -2735.0000000000
3051 -2455.0000000000
3221 -2309.0000000000
3256 -2225.0000000000
3425 -2218.0000000000
3442 -1910.0000000000
3523 -1889.0000000000
3538 -1883.0000000000
3584 -1714.0000000000
3634 -1672.0000000000
3661 -1434.0000000000
3702 -1225.0000000000
3861 -1064.0000000000
3961 -868.0000000000
4083 -854.0000000000
4117 -776.0000000000
4229 -769.0000000000
4251 -664.0000000000
4310 -657.0000000000
4322 -613.0000000000
4329 -580.0000000000
4334 -391.0000000000
4526 -356.0000000000
4534 -287.0000000000
4625 -258.0000000000
4706 -210.0000000000
4724 -132.0000000000
4801 -126.0000000000
4905 -62.0000000000
4940 -55.0000000000
4942 -34.0000000000
5000 -300.0000000000
