evaluations raw_y
1 -167.0000000000
69 -154.0000000000
90 -147.0000000000
91 -134.0000000000
171 -122.0000000000
192 -121.0000000000
194 -95.0000000000
200 -61.0000000000
295 -42.0000000000
309 -8.0000000000
472 -2.0000000000
487 3.0000000000
578 5.0000000000
1014 6.0000000000
2144 7.0000000000
5010 -40.0000000000
evaluations raw_y
1 -450.0000000000
2 -416.0000000000
4 -288.0000000000
35 -154.0000000000
101 -148.0000000000
122 -134.0000000000
151 -115.0000000000
162 -114.0000000000
204 -88.0000000000
210 -68.0000000000
220 -61.0000000000
267 -55.0000000000
290 -48.0000000000
327 -47.0000000000
331 -42.0000000000
374 -29.0000000000
432 -18.0000000000
465 -16.0000000000
481 -10.0000000000
522 -4.0000000000
554 -3.0000000000
610 -2.0000000000
656 3.0000000000
722 4.0000000000
860 5.0000000000
2912 6.0000000000
5010 -8.0000000000
evaluations raw_y
1 -362.0000000000
5 -315.0000000000
12 -275.0000000000
36 -255.0000000000
39 -242.0000000000
63 -161.0000000000
120 -155.0000000000
166 -133.0000000000
171 -101.0000000000
200 -75.0000000000
259 -55.0000000000
280 -35.0000000000
371 -15.0000000000
509 -8.0000000000
616 -4.0000000000
642 3.0000000000
1019 4.0000000000
1282 5.0000000000
1920 6.0000000000
3931 7.0000000000
5010 -27.0000000000
evaluations raw_y
1 -497.0000000000
3 -444.0000000000
4 -369.0000000000
10 -363.0000000000
11 -329.0000000000
16 -221.0000000000
61 -194.0000000000
96 -188.0000000000
109 -181.0000000000
121 -148.0000000000
128 -147.0000000000
163 -127.0000000000
172 -94.0000000000
185 -88.0000000000
214 -87.0000000000
303 -81.0000000000
308 -74.0000000000
331 -54.0000000000
336 -41.0000000000
427 -15.0000000000
512 -8.0000000000
730 4.0000000000
872 5.0000000000
5010 -22.0000000000
evaluations raw_y
1 -376.0000000000
2 -302.0000000000
7 -241.0000000000
45 -221.0000000000
62 -175.0000000000
94 -169.0000000000
110 -168.0000000000
112 -148.0000000000
117 -127.0000000000
124 -114.0000000000
127 -95.0000000000
166 -81.0000000000
184 -74.0000000000
201 -62.0000000000
217 -61.0000000000
237 -41.0000000000
249 -34.0000000000
264 -16.0000000000
300 -8.0000000000
310 -2.0000000000
546 4.0000000000
995 5.0000000000
1484 6.0000000000
5010 -34.0000000000
evaluations raw_y
1 -497.0000000000
2 -189.0000000000
31 -181.0000000000
74 -162.0000000000
93 -161.0000000000
101 -155.0000000000
106 -149.0000000000
120 -142.0000000000
130 -141.0000000000
177 -122.0000000000
182 -115.0000000000
200 -95.0000000000
235 -81.0000000000
241 -41.0000000000
310 -35.0000000000
357 -21.0000000000
378 -15.0000000000
625 -9.0000000000
646 -4.0000000000
665 -3.0000000000
711 3.0000000000
769 4.0000000000
841 5.0000000000
5010 -41.0000000000
evaluations raw_y
1 -275.0000000000
18 -195.0000000000
41 -161.0000000000
69 -154.0000000000
111 -127.0000000000
142 -81.0000000000
236 -74.0000000000
252 -48.0000000000
328 -29.0000000000
331 -22.0000000000
342 -3.0000000000
412 4.0000000000
603 5.0000000000
1766 6.0000000000
5010 -141.0000000000
evaluations raw_y
1 -497.0000000000
2 -342.0000000000
4 -316.0000000000
18 -254.0000000000
40 -242.0000000000
70 -227.0000000000
91 -214.0000000000
94 -194.0000000000
124 -187.0000000000
135 -161.0000000000
146 -154.0000000000
151 -148.0000000000
157 -141.0000000000
179 -120.0000000000
185 -114.0000000000
206 -108.0000000000
216 -107.0000000000
226 -74.0000000000
287 -68.0000000000
302 -67.0000000000
319 -61.0000000000
330 -55.0000000000
338 -33.0000000000
408 -17.0000000000
435 -3.0000000000
673 4.0000000000
998 5.0000000000
1965 6.0000000000
2534 7.0000000000
5010 -127.0000000000
evaluations raw_y
1 -342.0000000000
2 -329.0000000000
6 -281.0000000000
24 -261.0000000000
37 -255.0000000000
59 -214.0000000000
66 -174.0000000000
86 -128.0000000000
115 -121.0000000000
121 -108.0000000000
205 -88.0000000000
229 -61.0000000000
265 -35.0000000000
400 -29.0000000000
415 -27.0000000000
464 -22.0000000000
522 -15.0000000000
571 -9.0000000000
729 -4.0000000000
760 5.0000000000
1424 6.0000000000
5010 -27.0000000000
evaluations raw_y
1 -571.0000000000
2 -383.0000000000
5 -283.0000000000
6 -207.0000000000
33 -195.0000000000
37 -181.0000000000
67 -175.0000000000
77 -167.0000000000
100 -148.0000000000
114 -127.0000000000
124 -108.0000000000
156 -88.0000000000
208 -68.0000000000
261 -28.0000000000
324 -21.0000000000
372 -10.0000000000
392 -9.0000000000
433 4.0000000000
908 5.0000000000
1156 6.0000000000
5010 -27.0000000000
evaluations raw_y
1 -349.0000000000
3 -329.0000000000
9 -309.0000000000
13 -302.0000000000
27 -288.0000000000
32 -201.0000000000
40 -120.0000000000
70 -100.0000000000
113 -74.0000000000
206 -67.0000000000
215 -54.0000000000
260 -42.0000000000
335 -41.0000000000
343 -9.0000000000
574 -8.0000000000
635 -3.0000000000
674 4.0000000000
971 5.0000000000
2413 6.0000000000
5010 -88.0000000000
evaluations raw_y
1 -504.0000000000
2 -369.0000000000
7 -349.0000000000
10 -302.0000000000
16 -295.0000000000
30 -215.0000000000
48 -195.0000000000
77 -181.0000000000
99 -135.0000000000
155 -121.0000000000
166 -115.0000000000
182 -109.0000000000
214 -101.0000000000
224 -89.0000000000
242 -88.0000000000
265 -81.0000000000
299 -42.0000000000
426 -34.0000000000
466 -22.0000000000
570 -21.0000000000
591 -15.0000000000
616 -14.0000000000
695 -3.0000000000
698 3.0000000000
820 4.0000000000
1715 5.0000000000
2506 6.0000000000
5010 -14.0000000000
evaluations raw_y
1 -328.0000000000
9 -282.0000000000
27 -234.0000000000
44 -207.0000000000
70 -180.0000000000
109 -174.0000000000
125 -148.0000000000
145 -147.0000000000
155 -127.0000000000
166 -121.0000000000
198 -101.0000000000
203 -75.0000000000
280 -55.0000000000
330 -48.0000000000
352 -42.0000000000
356 -36.0000000000
396 -23.0000000000
451 -22.0000000000
469 -16.0000000000
573 3.0000000000
768 4.0000000000
946 5.0000000000
2062 6.0000000000
3327 7.0000000000
5010 -21.0000000000
evaluations raw_y
1 -403.0000000000
4 -389.0000000000
6 -356.0000000000
9 -322.0000000000
15 -288.0000000000
29 -241.0000000000
35 -222.0000000000
45 -201.0000000000
61 -140.0000000000
102 -120.0000000000
146 -114.0000000000
195 -88.0000000000
220 -69.0000000000
299 -61.0000000000
351 -41.0000000000
416 -35.0000000000
442 -34.0000000000
448 -29.0000000000
486 -9.0000000000
654 -3.0000000000
855 -2.0000000000
874 4.0000000000
895 5.0000000000
1832 6.0000000000
5010 -8.0000000000
evaluations raw_y
1 -362.0000000000
2 -274.0000000000
7 -221.0000000000
58 -194.0000000000
77 -175.0000000000
99 -168.0000000000
102 -88.0000000000
126 -81.0000000000
190 -61.0000000000
212 -34.0000000000
364 -21.0000000000
466 -16.0000000000
553 -9.0000000000
641 -4.0000000000
705 -2.0000000000
909 3.0000000000
963 4.0000000000
1347 5.0000000000
2818 6.0000000000
5010 -15.0000000000
evaluations raw_y
1 -389.0000000000
3 -275.0000000000
17 -268.0000000000
42 -261.0000000000
61 -228.0000000000
67 -214.0000000000
68 -188.0000000000
107 -161.0000000000
132 -148.0000000000
166 -141.0000000000
170 -121.0000000000
182 -114.0000000000
229 -101.0000000000
245 -54.0000000000
305 -48.0000000000
343 -47.0000000000
465 -21.0000000000
499 -2.0000000000
768 3.0000000000
983 4.0000000000
986 6.0000000000
5010 -67.0000000000
evaluations raw_y
1 -289.0000000000
10 -275.0000000000
26 -248.0000000000
46 -181.0000000000
119 -180.0000000000
124 -168.0000000000
127 -148.0000000000
136 -120.0000000000
160 -107.0000000000
181 -101.0000000000
216 -87.0000000000
238 -81.0000000000
264 -68.0000000000
274 -67.0000000000
277 -61.0000000000
289 -48.0000000000
318 -35.0000000000
412 -29.0000000000
428 -16.0000000000
503 -9.0000000000
693 -5.0000000000
695 -3.0000000000
772 2.0000000000
806 4.0000000000
960 5.0000000000
1639 6.0000000000
5010 -34.0000000000
evaluations raw_y
1 -531.0000000000
2 -524.0000000000
3 -423.0000000000
4 -255.0000000000
27 -254.0000000000
41 -161.0000000000
72 -147.0000000000
123 -128.0000000000
139 -127.0000000000
165 -94.0000000000
213 -74.0000000000
269 -28.0000000000
319 -21.0000000000
435 -15.0000000000
505 4.0000000000
670 5.0000000000
1023 6.0000000000
1625 7.0000000000
5010 -101.0000000000
evaluations raw_y
1 -484.0000000000
2 -322.0000000000
24 -268.0000000000
25 -248.0000000000
54 -221.0000000000
69 -214.0000000000
71 -201.0000000000
99 -187.0000000000
105 -161.0000000000
122 -148.0000000000
137 -128.0000000000
225 -121.0000000000
235 -101.0000000000
253 -87.0000000000
304 -81.0000000000
338 -16.0000000000
540 -3.0000000000
651 -2.0000000000
677 4.0000000000
1035 5.0000000000
5010 5.0000000000
evaluations raw_y
1 -477.0000000000
2 -369.0000000000
4 -208.0000000000
23 -147.0000000000
137 -134.0000000000
145 -81.0000000000
295 -60.0000000000
323 -43.0000000000
347 -36.0000000000
371 -23.0000000000
378 -10.0000000000
454 -4.0000000000
482 4.0000000000
917 5.0000000000
2760 6.0000000000
3429 7.0000000000
5010 -40.0000000000
